# Wavelength (nm)  Absorbance
2.500000000000000000e+02 -9.086381965115880588e-02
2.525000000000000000e+02 -5.857892061493580327e-02
2.550000000000000000e+02 1.453387565879693210e-05
2.575000000000000000e+02 -6.705360089446828209e-02
2.600000000000000000e+02 6.194550100853947472e-02
2.625000000000000000e+02 -7.863956431910468226e-02
2.650000000000000000e+02 -3.289496602792295332e-02
2.675000000000000000e+02 -1.800794809613766659e-02
2.700000000000000000e+02 -2.025664177560547799e-02
2.725000000000000000e+02 1.006904231668927785e-01
2.750000000000000000e+02 1.049487279254496773e-02
2.775000000000000000e+02 -1.874779307909919378e-04
2.800000000000000000e+02 5.752258181978293916e-02
2.825000000000000000e+02 5.544944412283053792e-02
2.850000000000000000e+02 4.585701243698630386e-02
2.875000000000000000e+02 -6.052232755187632318e-02
2.900000000000000000e+02 -2.654979056631892598e-02
2.925000000000000000e+02 -4.014409330398364950e-02
2.950000000000000000e+02 4.804456970874121380e-02
2.975000000000000000e+02 1.307871950252408391e-02
3.000000000000000000e+02 -1.927619992377706259e-03
3.025000000000000000e+02 -2.082106699457999394e-02
3.050000000000000000e+02 8.257592122829371384e-02
3.075000000000000000e+02 4.316200836613829500e-02
3.100000000000000000e+02 5.362102033620856634e-02
3.125000000000000000e+02 1.299016636850227613e-01
3.150000000000000000e+02 1.486913304774631905e-01
3.175000000000000000e+02 2.355162163650245388e-01
3.200000000000000000e+02 1.775684634228538450e-01
3.225000000000000000e+02 9.653347073571832970e-02
3.250000000000000000e+02 2.596719498044374741e-01
3.275000000000000000e+02 2.905108065866839340e-01
3.300000000000000000e+02 2.846735244637477180e-01
3.325000000000000000e+02 3.616899694123980047e-01
3.350000000000000000e+02 3.711563007597846742e-01
3.375000000000000000e+02 4.211430901405479044e-01
3.400000000000000000e+02 4.307336649718704891e-01
3.425000000000000000e+02 4.136547523635377699e-01
3.450000000000000000e+02 4.754680057034749163e-01
3.475000000000000000e+02 5.117160840859208415e-01
3.500000000000000000e+02 5.243225382443713611e-01
3.525000000000000000e+02 5.509811444850208906e-01
3.550000000000000000e+02 5.020992037120792784e-01
3.575000000000000000e+02 5.472311671547084311e-01
3.600000000000000000e+02 5.084694855421448834e-01
3.625000000000000000e+02 5.212722979429535997e-01
3.650000000000000000e+02 4.054229069507766514e-01
3.675000000000000000e+02 3.822434049130333245e-01
3.700000000000000000e+02 2.036633226441683098e-01
3.725000000000000000e+02 1.269932483990856009e-01
3.750000000000000000e+02 2.245796105064043202e-01
3.775000000000000000e+02 2.474294216351265452e-01
3.800000000000000000e+02 1.587237199757863260e-01
3.825000000000000000e+02 1.436491760399568607e-01
3.850000000000000000e+02 1.236813102618019300e-01
3.875000000000000000e+02 6.836200678418924426e-02
3.900000000000000000e+02 1.738590534224243589e-02
3.925000000000000000e+02 3.789644060285368710e-03
3.950000000000000000e+02 1.057004655923195896e-02
3.975000000000000000e+02 4.875855737069400425e-02
4.000000000000000000e+02 7.615777829622480399e-02
4.025000000000000000e+02 -6.089411490615183331e-03
4.050000000000000000e+02 3.125932292701764925e-02
4.075000000000000000e+02 -1.275256131239830421e-02
4.100000000000000000e+02 -2.658675499589948504e-02
4.125000000000000000e+02 -7.547884311655265327e-03
4.150000000000000000e+02 1.038522163480914973e-01
4.175000000000000000e+02 -2.877281275768628008e-02
4.200000000000000000e+02 7.220827788501189837e-02
4.225000000000000000e+02 -6.047683460680969986e-02
4.250000000000000000e+02 4.044172096922753201e-02
4.275000000000000000e+02 4.451706600687663912e-02
4.300000000000000000e+02 -2.677051793602018559e-02
4.325000000000000000e+02 7.217248318245687855e-02
4.350000000000000000e+02 -8.133931437041937856e-03
4.375000000000000000e+02 3.504092317719957606e-02
4.400000000000000000e+02 9.991924940452243109e-03
4.425000000000000000e+02 -1.916693321424344301e-02
4.450000000000000000e+02 -2.030776417306755580e-02
4.475000000000000000e+02 3.292704256936605789e-02
4.500000000000000000e+02 7.869559001182162283e-02
4.525000000000000000e+02 4.686365807284902096e-02
4.550000000000000000e+02 -8.695796793841856220e-02
4.575000000000000000e+02 9.806991524414349071e-02
4.600000000000000000e+02 3.189663877624725197e-02
4.625000000000000000e+02 4.273726754801221439e-02
4.650000000000000000e+02 -1.369351560972219967e-02
4.675000000000000000e+02 -1.247344041351500510e-01
4.700000000000000000e+02 3.570183806148789080e-02
4.725000000000000000e+02 -3.498330410205718888e-02
4.750000000000000000e+02 -8.918091643553457959e-02
4.775000000000000000e+02 -4.289949178170356786e-02
4.800000000000000000e+02 1.687734773806083425e-03
4.825000000000000000e+02 6.337327306545370575e-02
4.850000000000000000e+02 -8.843146710703055297e-04
4.875000000000000000e+02 8.995580661518422227e-02
4.900000000000000000e+02 7.963705032854084820e-02
4.925000000000000000e+02 -4.615386167250218850e-03
4.950000000000000000e+02 -4.131484056634848051e-02
4.975000000000000000e+02 6.690240170436273677e-03
5.000000000000000000e+02 -3.710933703693135906e-03
