# Time (min)  Concentration (mM)
0.000000000000000000e+00 4.973358902195355036e+00
5.454545454545454142e+00 2.434257017339040985e+00
1.090909090909090828e+01 8.773689972217466604e-01
1.636363636363636331e+01 3.724195699564202822e-01
2.181818181818181657e+01 9.378861899633482435e-02
2.727272727272726982e+01 1.069245573330021015e-01
3.272727272727272663e+01 -1.372830691885983112e-02
3.818181818181817988e+01 4.667937005024511143e-02
4.363636363636363313e+01 1.629959860573250152e-01
4.909090909090908639e+01 8.245405257486029815e-03
5.454545454545453964e+01 1.309733275245382189e-01
6.000000000000000000e+01 1.378362410789866488e-01
